length	freq
30	203022
31	212004
32	218491
33	226333
34	225353
35	214359
36	197083
37	175686
38	185254
39	164198
40	143019
41	124712
42	107988
43	91861
44	78355
45	66145
46	55442
47	46556
48	39600
49	33510
50	28738
51	24086
52	20300
53	16779
54	13945
55	11570
56	9583
57	7957
58	6690
59	5487
60	4565
61	3811
62	3199
63	2827
64	2635
65	2117
66	1749
67	1447
68	1213
69	1002
70	870
71	749
72	623
73	509
74	436
75	353
76	311
77	249
78	237
79	170
80	168
81	126
82	120
83	99
84	67
85	73
86	60
87	51
88	47
89	31
90	33
91	19
92	8
93	5
94	4
95	3
96	2
97	3
100	3
