H1	H2	H3	nABBA	nBABA	Dstat	jackEst	SE	Z	abz	comp
6z0_dco+ST-Copro_Iena_cro_hyaena_.11410.bam	88a+Ccsp043_cro_hyaena_3.37216.bam	430+c2518_cro_hyaena_7.40266.bam	36723	28776	0.1213301	0.1213301	0.01306447	9.287029	9.287029	1
6z0_dco+ST-Copro_Iena_cro_hyaena_.11410.bam	88a+Ccsp043_cro_hyaena_3.37216.bam	8Ln+c801_cro_hyaena_9.90712.bam	40749	29450	0.1609567	0.1609567	0.01130709	14.23503	14.23503	1
6z0_dco+ST-Copro_Iena_cro_hyaena_.11410.bam	88a+Ccsp043_cro_hyaena_3.37216.bam	977+NamCrocuta_cro_hyaena_67.07102.bam	47237	36569	0.127294	0.127294	0.01131795	11.24709	11.24709	1
6z0_dco+ST-Copro_Iena_cro_hyaena_.11410.bam	88a+Ccsp043_cro_hyaena_3.37216.bam	9z1+c4035_cro_hyaena_3.04918.bam	24412	20151	0.09561744	0.09561744	0.015463	6.183627	6.183627	1
6z0_dco+ST-Copro_Iena_cro_hyaena_.11410.bam	88a+Ccsp043_cro_hyaena_3.37216.bam	b4b+cHyena2071_cro_hyaena_23.19858.bam	41474	32955	0.1144581	0.1144581	0.01221695	9.368791	9.368791	1
6z0_dco+ST-Copro_Iena_cro_hyaena_.11410.bam	88a+Ccsp043_cro_hyaena_3.37216.bam	e6r+c793_cro_hyaena_9.40624.bam	35043	25512	0.1573941	0.1573941	0.01223172	12.86771	12.86771	1
6z0_dco+ST-Copro_Iena_cro_hyaena_.11410.bam	88a+Ccsp043_cro_hyaena_3.37216.bam	f62+c1979_cro_hyaena_10.58993.bam	37139	29448	0.115503	0.115503	0.01273067	9.072816	9.072816	1
6z0_dco+ST-Copro_Iena_cro_hyaena_.11410.bam	88a+Ccsp043_cro_hyaena_3.37216.bam	Ltv+cHyena375_cro_hyaena_20.67419.bam	44027	32195	0.1552308	0.1552308	0.0108371	14.32401	14.32401	1
6z0_dco+ST-Copro_Iena_cro_hyaena_.11410.bam	88a+Ccsp043_cro_hyaena_3.37216.bam	mre+c5695_cro_hyaena_4.09332.bam	25974	19441	0.1438512	0.1438512	0.01383286	10.39924	10.39924	1
6z0_dco+ST-Copro_Iena_cro_hyaena_.11410.bam	88a+Ccsp043_cro_hyaena_3.37216.bam	rzc+c815_cro_hyaena_9.10468.bam	38859	31455	0.1052991	0.1052991	0.01250743	8.41892	8.41892	1
6z0_dco+ST-Copro_Iena_cro_hyaena_.11410.bam	88a+Ccsp043_cro_hyaena_3.37216.bam	shq+Ghana_crocuta_cro_hyaena_67.35423.bam	48071	37108	0.1287054	0.1287054	0.0113468	11.34288	11.34288	1
6z0_dco+ST-Copro_Iena_cro_hyaena_.11410.bam	i01+Ccsp040_cro_hyaena_7.88971.bam	430+c2518_cro_hyaena_7.40266.bam	46629	33855	0.1587148	0.1587148	0.01192751	13.30661	13.30661	2
6z0_dco+ST-Copro_Iena_cro_hyaena_.11410.bam	i01+Ccsp040_cro_hyaena_7.88971.bam	8Ln+c801_cro_hyaena_9.90712.bam	51383	34468	0.1970274	0.1970274	0.01029476	19.1386	19.1386	2
6z0_dco+ST-Copro_Iena_cro_hyaena_.11410.bam	i01+Ccsp040_cro_hyaena_7.88971.bam	977+NamCrocuta_cro_hyaena_67.07102.bam	62321	43996	0.1723619	0.1723619	0.01013806	17.00147	17.00147	2
6z0_dco+ST-Copro_Iena_cro_hyaena_.11410.bam	i01+Ccsp040_cro_hyaena_7.88971.bam	9z1+c4035_cro_hyaena_3.04918.bam	30580	23469	0.1315658	0.1315658	0.01419933	9.265633	9.265633	2
6z0_dco+ST-Copro_Iena_cro_hyaena_.11410.bam	i01+Ccsp040_cro_hyaena_7.88971.bam	b4b+cHyena2071_cro_hyaena_23.19858.bam	52431	38453	0.1538004	0.1538004	0.01114195	13.80372	13.80372	2
6z0_dco+ST-Copro_Iena_cro_hyaena_.11410.bam	i01+Ccsp040_cro_hyaena_7.88971.bam	e6r+c793_cro_hyaena_9.40624.bam	44095	29494	0.1984128	0.1984128	0.01100475	18.02973	18.02973	2
6z0_dco+ST-Copro_Iena_cro_hyaena_.11410.bam	i01+Ccsp040_cro_hyaena_7.88971.bam	f62+c1979_cro_hyaena_10.58993.bam	47059	34237	0.1577199	0.1577199	0.0115732	13.62803	13.62803	2
6z0_dco+ST-Copro_Iena_cro_hyaena_.11410.bam	i01+Ccsp040_cro_hyaena_7.88971.bam	Ltv+cHyena375_cro_hyaena_20.67419.bam	56119	37487	0.1990471	0.1990471	0.009963468	19.97769	19.97769	2
6z0_dco+ST-Copro_Iena_cro_hyaena_.11410.bam	i01+Ccsp040_cro_hyaena_7.88971.bam	mre+c5695_cro_hyaena_4.09332.bam	33008	22537	0.1885138	0.1885138	0.0127687	14.76375	14.76375	2
6z0_dco+ST-Copro_Iena_cro_hyaena_.11410.bam	i01+Ccsp040_cro_hyaena_7.88971.bam	rzc+c815_cro_hyaena_9.10468.bam	48549	36370	0.143419	0.143419	0.0117198	12.23733	12.23733	2
6z0_dco+ST-Copro_Iena_cro_hyaena_.11410.bam	i01+Ccsp040_cro_hyaena_7.88971.bam	shq+Ghana_crocuta_cro_hyaena_67.35423.bam	62550	44843	0.1648804	0.1648804	0.01038802	15.87217	15.87217	2
6z0_dco+ST-Copro_Iena_cro_hyaena_.11410.bam	mj3+Ccsp042_cro_hyaena_4.84953.bam	430+c2518_cro_hyaena_7.40266.bam	41776	28956	0.1812475	0.1812475	0.01102117	16.4454	16.4454	3
6z0_dco+ST-Copro_Iena_cro_hyaena_.11410.bam	mj3+Ccsp042_cro_hyaena_4.84953.bam	8Ln+c801_cro_hyaena_9.90712.bam	45409	31844	0.1755919	0.1755919	0.01031539	17.02232	17.02232	3
6z0_dco+ST-Copro_Iena_cro_hyaena_.11410.bam	mj3+Ccsp042_cro_hyaena_4.84953.bam	977+NamCrocuta_cro_hyaena_67.07102.bam	54947	38220	0.1795378	0.1795378	0.009780971	18.35583	18.35583	3
6z0_dco+ST-Copro_Iena_cro_hyaena_.11410.bam	mj3+Ccsp042_cro_hyaena_4.84953.bam	9z1+c4035_cro_hyaena_3.04918.bam	27830	20341	0.155467	0.155467	0.01297386	11.98309	11.98309	3
6z0_dco+ST-Copro_Iena_cro_hyaena_.11410.bam	mj3+Ccsp042_cro_hyaena_4.84953.bam	b4b+cHyena2071_cro_hyaena_23.19858.bam	47128	33719	0.1658565	0.1658565	0.01011716	16.39359	16.39359	3
6z0_dco+ST-Copro_Iena_cro_hyaena_.11410.bam	mj3+Ccsp042_cro_hyaena_4.84953.bam	e6r+c793_cro_hyaena_9.40624.bam	39148	27529	0.174258	0.174258	0.01131808	15.39642	15.39642	3
6z0_dco+ST-Copro_Iena_cro_hyaena_.11410.bam	mj3+Ccsp042_cro_hyaena_4.84953.bam	f62+c1979_cro_hyaena_10.58993.bam	42644	30007	0.1739412	0.1739412	0.0109701	15.85594	15.85594	3
6z0_dco+ST-Copro_Iena_cro_hyaena_.11410.bam	mj3+Ccsp042_cro_hyaena_4.84953.bam	Ltv+cHyena375_cro_hyaena_20.67419.bam	48322	34749	0.1633904	0.1633904	0.0101979	16.02196	16.02196	3
6z0_dco+ST-Copro_Iena_cro_hyaena_.11410.bam	mj3+Ccsp042_cro_hyaena_4.84953.bam	mre+c5695_cro_hyaena_4.09332.bam	29278	21063	0.1631871	0.1631871	0.0130893	12.46721	12.46721	3
6z0_dco+ST-Copro_Iena_cro_hyaena_.11410.bam	mj3+Ccsp042_cro_hyaena_4.84953.bam	rzc+c815_cro_hyaena_9.10468.bam	44127	31608	0.1653001	0.1653001	0.01047578	15.77925	15.77925	3
6z0_dco+ST-Copro_Iena_cro_hyaena_.11410.bam	mj3+Ccsp042_cro_hyaena_4.84953.bam	shq+Ghana_crocuta_cro_hyaena_67.35423.bam	55686	38809	0.178602	0.178602	0.009696562	18.41911	18.41911	3
6z0_dco+ST-Copro_Iena_cro_hyaena_.11410.bam	s72+Ccsp041_cro_hyaena_7.51147.bam	430+c2518_cro_hyaena_7.40266.bam	50039	40983	0.09949243	0.09949243	0.01142153	8.710952	8.710952	4
6z0_dco+ST-Copro_Iena_cro_hyaena_.11410.bam	s72+Ccsp041_cro_hyaena_7.51147.bam	8Ln+c801_cro_hyaena_9.90712.bam	54293	42402	0.1229743	0.1229743	0.01025705	11.98925	11.98925	4
6z0_dco+ST-Copro_Iena_cro_hyaena_.11410.bam	s72+Ccsp041_cro_hyaena_7.51147.bam	977+NamCrocuta_cro_hyaena_67.07102.bam	64703	52095	0.1079471	0.1079471	0.009957405	10.84088	10.84088	4
6z0_dco+ST-Copro_Iena_cro_hyaena_.11410.bam	s72+Ccsp041_cro_hyaena_7.51147.bam	9z1+c4035_cro_hyaena_3.04918.bam	32044	29125	0.04772025	0.04772025	0.01369275	3.485074	3.485074	4
6z0_dco+ST-Copro_Iena_cro_hyaena_.11410.bam	s72+Ccsp041_cro_hyaena_7.51147.bam	b4b+cHyena2071_cro_hyaena_23.19858.bam	55260	47154	0.07914934	0.07914934	0.01080506	7.325208	7.325208	4
6z0_dco+ST-Copro_Iena_cro_hyaena_.11410.bam	s72+Ccsp041_cro_hyaena_7.51147.bam	e6r+c793_cro_hyaena_9.40624.bam	47180	36960	0.1214642	0.1214642	0.01138038	10.67313	10.67313	4
6z0_dco+ST-Copro_Iena_cro_hyaena_.11410.bam	s72+Ccsp041_cro_hyaena_7.51147.bam	f62+c1979_cro_hyaena_10.58993.bam	50099	41710	0.09137448	0.09137448	0.01109563	8.235177	8.235177	4
6z0_dco+ST-Copro_Iena_cro_hyaena_.11410.bam	s72+Ccsp041_cro_hyaena_7.51147.bam	Ltv+cHyena375_cro_hyaena_20.67419.bam	59034	45561	0.1288111	0.1288111	0.01007726	12.78235	12.78235	4
6z0_dco+ST-Copro_Iena_cro_hyaena_.11410.bam	s72+Ccsp041_cro_hyaena_7.51147.bam	mre+c5695_cro_hyaena_4.09332.bam	35055	28515	0.1028787	0.1028787	0.01244756	8.26497	8.26497	4
6z0_dco+ST-Copro_Iena_cro_hyaena_.11410.bam	s72+Ccsp041_cro_hyaena_7.51147.bam	rzc+c815_cro_hyaena_9.10468.bam	51279	44069	0.07561774	0.07561774	0.01141127	6.626582	6.626582	4
6z0_dco+ST-Copro_Iena_cro_hyaena_.11410.bam	s72+Ccsp041_cro_hyaena_7.51147.bam	shq+Ghana_crocuta_cro_hyaena_67.35423.bam	65461	53538	0.1001941	0.1001941	0.01022809	9.795975	9.795975	4
b4b+cHyena2071_cro_hyaena_23.19858.bam	Ltv+cHyena375_cro_hyaena_20.67419.bam	6z0_dco+ST-Copro_Iena_cro_hyaena_.11410.bam	38252	42527	-0.05292217	-0.05292217	0.01130885	-4.679714	4.679714	5
f62+c1979_cro_hyaena_10.58993.bam	Ltv+cHyena375_cro_hyaena_20.67419.bam	6z0_dco+ST-Copro_Iena_cro_hyaena_.11410.bam	32189	34727	-0.03792815	-0.03792815	0.01141476	-3.322728	3.322728	5
b4b+cHyena2071_cro_hyaena_23.19858.bam	mre+c5695_cro_hyaena_4.09332.bam	6z0_dco+ST-Copro_Iena_cro_hyaena_.11410.bam	24011	26136	-0.04237542	-0.04237542	0.01376761	-3.077906	3.077906	5
8Ln+c801_cro_hyaena_9.90712.bam	Ltv+cHyena375_cro_hyaena_20.67419.bam	6z0_dco+ST-Copro_Iena_cro_hyaena_.11410.bam	35577	37708	-0.02907826	-0.02907826	0.009973354	-2.915595	2.915595	5
977+NamCrocuta_cro_hyaena_67.07102.bam	mre+c5695_cro_hyaena_4.09332.bam	6z0_dco+ST-Copro_Iena_cro_hyaena_.11410.bam	24411	26354	-0.0382744	-0.0382744	0.01333923	-2.869311	2.869311	5
9z1+c4035_cro_hyaena_3.04918.bam	Ltv+cHyena375_cro_hyaena_20.67419.bam	6z0_dco+ST-Copro_Iena_cro_hyaena_.11410.bam	22928	24820	-0.0396247	-0.0396247	0.0141682	-2.796734	2.796734	5
977+NamCrocuta_cro_hyaena_67.07102.bam	Ltv+cHyena375_cro_hyaena_20.67419.bam	6z0_dco+ST-Copro_Iena_cro_hyaena_.11410.bam	39482	41766	-0.02811146	-0.02811146	0.01055435	-2.663496	2.663496	5
b4b+cHyena2071_cro_hyaena_23.19858.bam	e6r+c793_cro_hyaena_9.40624.bam	6z0_dco+ST-Copro_Iena_cro_hyaena_.11410.bam	31990	34057	-0.0312959	-0.0312959	0.01183475	-2.644408	2.644408	5
430+c2518_cro_hyaena_7.40266.bam	Ltv+cHyena375_cro_hyaena_20.67419.bam	6z0_dco+ST-Copro_Iena_cro_hyaena_.11410.bam	32442	34518	-0.03100358	-0.03100358	0.01198449	-2.586976	2.586976	5
b4b+cHyena2071_cro_hyaena_23.19858.bam	f62+c1979_cro_hyaena_10.58993.bam	6z0_dco+ST-Copro_Iena_cro_hyaena_.11410.bam	34313	35780	-0.02092934	-0.02092934	0.01059433	-1.975522	1.975522	5
9z1+c4035_cro_hyaena_3.04918.bam	e6r+c793_cro_hyaena_9.40624.bam	6z0_dco+ST-Copro_Iena_cro_hyaena_.11410.bam	20049	21217	-0.02830417	-0.02830417	0.01502758	-1.883482	1.883482	5
8Ln+c801_cro_hyaena_9.90712.bam	mre+c5695_cro_hyaena_4.09332.bam	6z0_dco+ST-Copro_Iena_cro_hyaena_.11410.bam	21685	22738	-0.02370394	-0.02370394	0.01262379	-1.87772	1.87772	5
f62+c1979_cro_hyaena_10.58993.bam	mre+c5695_cro_hyaena_4.09332.bam	6z0_dco+ST-Copro_Iena_cro_hyaena_.11410.bam	22951	24034	-0.02304991	-0.02304991	0.01361594	-1.692862	1.692862	5
e6r+c793_cro_hyaena_9.40624.bam	Ltv+cHyena375_cro_hyaena_20.67419.bam	6z0_dco+ST-Copro_Iena_cro_hyaena_.11410.bam	31449	32502	-0.01646573	-0.01646573	0.0103044	-1.597931	1.597931	5
430+c2518_cro_hyaena_7.40266.bam	mre+c5695_cro_hyaena_4.09332.bam	6z0_dco+ST-Copro_Iena_cro_hyaena_.11410.bam	21433	22385	-0.02172623	-0.02172623	0.0143618	-1.51278	1.51278	5
9z1+c4035_cro_hyaena_3.04918.bam	mre+c5695_cro_hyaena_4.09332.bam	6z0_dco+ST-Copro_Iena_cro_hyaena_.11410.bam	16238	16999	-0.02289617	-0.02289617	0.01647805	-1.389495	1.389495	5
977+NamCrocuta_cro_hyaena_67.07102.bam	e6r+c793_cro_hyaena_9.40624.bam	6z0_dco+ST-Copro_Iena_cro_hyaena_.11410.bam	33706	34749	-0.01523629	-0.01523629	0.01153934	-1.320377	1.320377	5
8Ln+c801_cro_hyaena_9.90712.bam	e6r+c793_cro_hyaena_9.40624.bam	6z0_dco+ST-Copro_Iena_cro_hyaena_.11410.bam	26856	27554	-0.01282852	-0.01282852	0.0114168	-1.123653	1.123653	5
430+c2518_cro_hyaena_7.40266.bam	e6r+c793_cro_hyaena_9.40624.bam	6z0_dco+ST-Copro_Iena_cro_hyaena_.11410.bam	28641	29469	-0.01424884	-0.01424884	0.01292041	-1.102816	1.102816	5
b4b+cHyena2071_cro_hyaena_23.19858.bam	rzc+c815_cro_hyaena_9.10468.bam	6z0_dco+ST-Copro_Iena_cro_hyaena_.11410.bam	35229	35833	-0.00849962	-0.00849962	0.0111004	-0.765704	0.765704	5
430+c2518_cro_hyaena_7.40266.bam	9z1+c4035_cro_hyaena_3.04918.bam	6z0_dco+ST-Copro_Iena_cro_hyaena_.11410.bam	21023	21332	-0.007295479	-0.007295479	0.0136136	-0.5358964	0.5358964	5
e6r+c793_cro_hyaena_9.40624.bam	mre+c5695_cro_hyaena_4.09332.bam	6z0_dco+ST-Copro_Iena_cro_hyaena_.11410.bam	20710	20969	-0.006214161	-0.006214161	0.0129149	-0.4811623	0.4811623	5
977+NamCrocuta_cro_hyaena_67.07102.bam	9z1+c4035_cro_hyaena_3.04918.bam	6z0_dco+ST-Copro_Iena_cro_hyaena_.11410.bam	23641	23804	-0.003435557	-0.003435557	0.01271876	-0.2701172	0.2701172	5
430+c2518_cro_hyaena_7.40266.bam	8Ln+c801_cro_hyaena_9.90712.bam	6z0_dco+ST-Copro_Iena_cro_hyaena_.11410.bam	32120	32221	-0.001569761	-0.001569761	0.01242167	-0.1263728	0.1263728	5
8Ln+c801_cro_hyaena_9.90712.bam	977+NamCrocuta_cro_hyaena_67.07102.bam	6z0_dco+ST-Copro_Iena_cro_hyaena_.11410.bam	38857	38796	0.000785546	0.000785546	0.01138273	0.06901209	0.06901209	5
430+c2518_cro_hyaena_7.40266.bam	977+NamCrocuta_cro_hyaena_67.07102.bam	6z0_dco+ST-Copro_Iena_cro_hyaena_.11410.bam	34327	34250	0.001122825	0.001122825	0.01065065	0.1054232	0.1054232	5
Ltv+cHyena375_cro_hyaena_20.67419.bam	mre+c5695_cro_hyaena_4.09332.bam	6z0_dco+ST-Copro_Iena_cro_hyaena_.11410.bam	24214	24035	0.003709921	0.003709921	0.01206897	0.3073933	0.3073933	5
b4b+cHyena2071_cro_hyaena_23.19858.bam	shq+Ghana_crocuta_cro_hyaena_67.35423.bam	6z0_dco+ST-Copro_Iena_cro_hyaena_.11410.bam	37279	37043	0.003175372	0.003175372	0.009764743	0.3251875	0.3251875	5
9z1+c4035_cro_hyaena_3.04918.bam	f62+c1979_cro_hyaena_10.58993.bam	6z0_dco+ST-Copro_Iena_cro_hyaena_.11410.bam	22450	22158	0.006545911	0.006545911	0.01317393	0.4968838	0.4968838	5
8Ln+c801_cro_hyaena_9.90712.bam	f62+c1979_cro_hyaena_10.58993.bam	6z0_dco+ST-Copro_Iena_cro_hyaena_.11410.bam	33861	33400	0.006853898	0.006853898	0.01199914	0.5711989	0.5711989	5
977+NamCrocuta_cro_hyaena_67.07102.bam	f62+c1979_cro_hyaena_10.58993.bam	6z0_dco+ST-Copro_Iena_cro_hyaena_.11410.bam	34030	33564	0.006894103	0.006894103	0.01035701	0.6656458	0.6656458	5
430+c2518_cro_hyaena_7.40266.bam	f62+c1979_cro_hyaena_10.58993.bam	6z0_dco+ST-Copro_Iena_cro_hyaena_.11410.bam	30191	29671	0.008686646	0.008686646	0.01134046	0.7659873	0.7659873	5
8Ln+c801_cro_hyaena_9.90712.bam	9z1+c4035_cro_hyaena_3.04918.bam	6z0_dco+ST-Copro_Iena_cro_hyaena_.11410.bam	22529	22015	0.01153915	0.01153915	0.01497919	0.7703454	0.7703454	5
8Ln+c801_cro_hyaena_9.90712.bam	rzc+c815_cro_hyaena_9.10468.bam	6z0_dco+ST-Copro_Iena_cro_hyaena_.11410.bam	31966	31006	0.01524487	0.01524487	0.01281995	1.189153	1.189153	5
rzc+c815_cro_hyaena_9.10468.bam	shq+Ghana_crocuta_cro_hyaena_67.35423.bam	6z0_dco+ST-Copro_Iena_cro_hyaena_.11410.bam	39350	38309	0.01340476	0.01340476	0.01050418	1.276136	1.276136	5
977+NamCrocuta_cro_hyaena_67.07102.bam	rzc+c815_cro_hyaena_9.10468.bam	6z0_dco+ST-Copro_Iena_cro_hyaena_.11410.bam	38164	37131	0.01371937	0.01371937	0.009861721	1.391174	1.391174	5
f62+c1979_cro_hyaena_10.58993.bam	rzc+c815_cro_hyaena_9.10468.bam	6z0_dco+ST-Copro_Iena_cro_hyaena_.11410.bam	33719	32714	0.01512802	0.01512802	0.01061093	1.425702	1.425702	5
430+c2518_cro_hyaena_7.40266.bam	rzc+c815_cro_hyaena_9.10468.bam	6z0_dco+ST-Copro_Iena_cro_hyaena_.11410.bam	31631	30542	0.01751564	0.01751564	0.01107904	1.580972	1.580972	5
9z1+c4035_cro_hyaena_3.04918.bam	rzc+c815_cro_hyaena_9.10468.bam	6z0_dco+ST-Copro_Iena_cro_hyaena_.11410.bam	22106	21144	0.02224277	0.02224277	0.01317619	1.688104	1.688104	5
e6r+c793_cro_hyaena_9.40624.bam	f62+c1979_cro_hyaena_10.58993.bam	6z0_dco+ST-Copro_Iena_cro_hyaena_.11410.bam	31369	30053	0.02142555	0.02142555	0.01212363	1.767255	1.767255	5
8Ln+c801_cro_hyaena_9.90712.bam	b4b+cHyena2071_cro_hyaena_23.19858.bam	6z0_dco+ST-Copro_Iena_cro_hyaena_.11410.bam	37934	36121	0.0244818	0.0244818	0.01177875	2.078473	2.078473	5
f62+c1979_cro_hyaena_10.58993.bam	shq+Ghana_crocuta_cro_hyaena_67.35423.bam	6z0_dco+ST-Copro_Iena_cro_hyaena_.11410.bam	38548	36797	0.02323976	0.02323976	0.009923201	2.341962	2.341962	5
e6r+c793_cro_hyaena_9.40624.bam	rzc+c815_cro_hyaena_9.10468.bam	6z0_dco+ST-Copro_Iena_cro_hyaena_.11410.bam	29250	27532	0.03025607	0.03025607	0.01285183	2.354223	2.354223	5
430+c2518_cro_hyaena_7.40266.bam	b4b+cHyena2071_cro_hyaena_23.19858.bam	6z0_dco+ST-Copro_Iena_cro_hyaena_.11410.bam	34918	33165	0.02574798	0.02574798	0.01093411	2.354831	2.354831	5
430+c2518_cro_hyaena_7.40266.bam	shq+Ghana_crocuta_cro_hyaena_67.35423.bam	6z0_dco+ST-Copro_Iena_cro_hyaena_.11410.bam	37631	35813	0.02475355	0.02475355	0.01025587	2.413598	2.413598	5
9z1+c4035_cro_hyaena_3.04918.bam	b4b+cHyena2071_cro_hyaena_23.19858.bam	6z0_dco+ST-Copro_Iena_cro_hyaena_.11410.bam	24136	22579	0.03332977	0.03332977	0.01312881	2.538675	2.538675	5
mre+c5695_cro_hyaena_4.09332.bam	rzc+c815_cro_hyaena_9.10468.bam	6z0_dco+ST-Copro_Iena_cro_hyaena_.11410.bam	23718	21880	0.04030879	0.04030879	0.01431581	2.815683	2.815683	5
977+NamCrocuta_cro_hyaena_67.07102.bam	b4b+cHyena2071_cro_hyaena_23.19858.bam	6z0_dco+ST-Copro_Iena_cro_hyaena_.11410.bam	42579	40373	0.02659369	0.02659369	0.00934048	2.847144	2.847144	5
8Ln+c801_cro_hyaena_9.90712.bam	shq+Ghana_crocuta_cro_hyaena_67.35423.bam	6z0_dco+ST-Copro_Iena_cro_hyaena_.11410.bam	41262	38634	0.03289276	0.03289276	0.01096561	2.999629	2.999629	5
977+NamCrocuta_cro_hyaena_67.07102.bam	shq+Ghana_crocuta_cro_hyaena_67.35423.bam	6z0_dco+ST-Copro_Iena_cro_hyaena_.11410.bam	49846	47323	0.02596507	0.02596507	0.008624221	3.010715	3.010715	5
9z1+c4035_cro_hyaena_3.04918.bam	shq+Ghana_crocuta_cro_hyaena_67.35423.bam	6z0_dco+ST-Copro_Iena_cro_hyaena_.11410.bam	25458	23412	0.04186618	0.04186618	0.01242238	3.370222	3.370222	5
Ltv+cHyena375_cro_hyaena_20.67419.bam	rzc+c815_cro_hyaena_9.10468.bam	6z0_dco+ST-Copro_Iena_cro_hyaena_.11410.bam	39151	36015	0.04172099	0.04172099	0.01129345	3.694265	3.694265	5
e6r+c793_cro_hyaena_9.40624.bam	shq+Ghana_crocuta_cro_hyaena_67.35423.bam	6z0_dco+ST-Copro_Iena_cro_hyaena_.11410.bam	36288	33092	0.04606515	0.04606515	0.01126055	4.090842	4.090842	5
mre+c5695_cro_hyaena_4.09332.bam	shq+Ghana_crocuta_cro_hyaena_67.35423.bam	6z0_dco+ST-Copro_Iena_cro_hyaena_.11410.bam	27693	24836	0.054389	0.054389	0.01275382	4.264528	4.264528	5
Ltv+cHyena375_cro_hyaena_20.67419.bam	shq+Ghana_crocuta_cro_hyaena_67.35423.bam	6z0_dco+ST-Copro_Iena_cro_hyaena_.11410.bam	47257	42806	0.04942096	0.04942096	0.0103973	4.75325	4.75325	5
b4b+cHyena2071_cro_hyaena_23.19858.bam	f62+c1979_cro_hyaena_10.58993.bam	88a+Ccsp043_cro_hyaena_3.37216.bam	600975	633965	-0.02671385	-0.02671385	0.003826105	-6.981996	6.981996	6
b4b+cHyena2071_cro_hyaena_23.19858.bam	Ltv+cHyena375_cro_hyaena_20.67419.bam	88a+Ccsp043_cro_hyaena_3.37216.bam	688053	719181	-0.02211999	-0.02211999	0.003959651	-5.586349	5.586349	6
8Ln+c801_cro_hyaena_9.90712.bam	f62+c1979_cro_hyaena_10.58993.bam	88a+Ccsp043_cro_hyaena_3.37216.bam	563478	586565	-0.0200749	-0.0200749	0.003920723	-5.120205	5.120205	6
b4b+cHyena2071_cro_hyaena_23.19858.bam	mre+c5695_cro_hyaena_4.09332.bam	88a+Ccsp043_cro_hyaena_3.37216.bam	430901	449693	-0.02134014	-0.02134014	0.004329785	-4.928684	4.928684	6
e6r+c793_cro_hyaena_9.40624.bam	f62+c1979_cro_hyaena_10.58993.bam	88a+Ccsp043_cro_hyaena_3.37216.bam	517921	538494	-0.01947435	-0.01947435	0.004034318	-4.827174	4.827174	6
8Ln+c801_cro_hyaena_9.90712.bam	977+NamCrocuta_cro_hyaena_67.07102.bam	88a+Ccsp043_cro_hyaena_3.37216.bam	674886	698588	-0.01725697	-0.01725697	0.003992416	-4.322438	4.322438	6
8Ln+c801_cro_hyaena_9.90712.bam	Ltv+cHyena375_cro_hyaena_20.67419.bam	88a+Ccsp043_cro_hyaena_3.37216.bam	637931	657088	-0.01479283	-0.01479283	0.003603138	-4.105542	4.105542	6
e6r+c793_cro_hyaena_9.40624.bam	Ltv+cHyena375_cro_hyaena_20.67419.bam	88a+Ccsp043_cro_hyaena_3.37216.bam	563911	580043	-0.01410197	-0.01410197	0.003751667	-3.758853	3.758853	6
b4b+cHyena2071_cro_hyaena_23.19858.bam	rzc+c815_cro_hyaena_9.10468.bam	88a+Ccsp043_cro_hyaena_3.37216.bam	616255	632153	-0.01273462	-0.01273462	0.003773089	-3.375117	3.375117	6
8Ln+c801_cro_hyaena_9.90712.bam	9z1+c4035_cro_hyaena_3.04918.bam	88a+Ccsp043_cro_hyaena_3.37216.bam	366707	377834	-0.01494478	-0.01494478	0.004685173	-3.189803	3.189803	6
e6r+c793_cro_hyaena_9.40624.bam	mre+c5695_cro_hyaena_4.09332.bam	88a+Ccsp043_cro_hyaena_3.37216.bam	375215	383667	-0.01113744	-0.01113744	0.003970257	-2.805218	2.805218	6
8Ln+c801_cro_hyaena_9.90712.bam	mre+c5695_cro_hyaena_4.09332.bam	88a+Ccsp043_cro_hyaena_3.37216.bam	395425	403136	-0.009656119	-0.009656119	0.003996009	-2.416441	2.416441	6
b4b+cHyena2071_cro_hyaena_23.19858.bam	e6r+c793_cro_hyaena_9.40624.bam	88a+Ccsp043_cro_hyaena_3.37216.bam	564361	573612	-0.008129367	-0.008129367	0.004191204	-1.939625	1.939625	6
9z1+c4035_cro_hyaena_3.04918.bam	f62+c1979_cro_hyaena_10.58993.bam	88a+Ccsp043_cro_hyaena_3.37216.bam	375421	380654	-0.006921271	-0.006921271	0.004081293	-1.695853	1.695853	6
430+c2518_cro_hyaena_7.40266.bam	f62+c1979_cro_hyaena_10.58993.bam	88a+Ccsp043_cro_hyaena_3.37216.bam	518056	523941	-0.005647809	-0.005647809	0.003653713	-1.545772	1.545772	6
430+c2518_cro_hyaena_7.40266.bam	977+NamCrocuta_cro_hyaena_67.07102.bam	88a+Ccsp043_cro_hyaena_3.37216.bam	608211	614155	-0.004862701	-0.004862701	0.003784699	-1.284832	1.284832	6
8Ln+c801_cro_hyaena_9.90712.bam	rzc+c815_cro_hyaena_9.10468.bam	88a+Ccsp043_cro_hyaena_3.37216.bam	534727	539953	-0.004862843	-0.004862843	0.004133789	-1.176365	1.176365	6
e6r+c793_cro_hyaena_9.40624.bam	rzc+c815_cro_hyaena_9.10468.bam	88a+Ccsp043_cro_hyaena_3.37216.bam	483674	486399	-0.002809067	-0.002809067	0.004108196	-0.6837714	0.6837714	6
9z1+c4035_cro_hyaena_3.04918.bam	Ltv+cHyena375_cro_hyaena_20.67419.bam	88a+Ccsp043_cro_hyaena_3.37216.bam	401874	403220	-0.001671854	-0.001671854	0.004656393	-0.359045	0.359045	6
8Ln+c801_cro_hyaena_9.90712.bam	e6r+c793_cro_hyaena_9.40624.bam	88a+Ccsp043_cro_hyaena_3.37216.bam	486332	487437	-0.001134766	-0.001134766	0.003925814	-0.2890524	0.2890524	6
430+c2518_cro_hyaena_7.40266.bam	Ltv+cHyena375_cro_hyaena_20.67419.bam	88a+Ccsp043_cro_hyaena_3.37216.bam	579952	579645	0.0002647471	0.0002647471	0.004035936	0.06559746	0.06559746	6
430+c2518_cro_hyaena_7.40266.bam	9z1+c4035_cro_hyaena_3.04918.bam	88a+Ccsp043_cro_hyaena_3.37216.bam	362143	361684	0.0006341294	0.0006341294	0.004194415	0.1511842	0.1511842	6
9z1+c4035_cro_hyaena_3.04918.bam	mre+c5695_cro_hyaena_4.09332.bam	88a+Ccsp043_cro_hyaena_3.37216.bam	285239	284009	0.002160745	0.002160745	0.004833824	0.4470054	0.4470054	6
977+NamCrocuta_cro_hyaena_67.07102.bam	9z1+c4035_cro_hyaena_3.04918.bam	88a+Ccsp043_cro_hyaena_3.37216.bam	416248	413486	0.003328778	0.003328778	0.004209766	0.7907274	0.7907274	6
430+c2518_cro_hyaena_7.40266.bam	mre+c5695_cro_hyaena_4.09332.bam	88a+Ccsp043_cro_hyaena_3.37216.bam	394545	391553	0.003806141	0.003806141	0.004414491	0.8621926	0.8621926	6
977+NamCrocuta_cro_hyaena_67.07102.bam	f62+c1979_cro_hyaena_10.58993.bam	88a+Ccsp043_cro_hyaena_3.37216.bam	607178	603255	0.003240989	0.003240989	0.003729552	0.8690022	0.8690022	6
b4b+cHyena2071_cro_hyaena_23.19858.bam	shq+Ghana_crocuta_cro_hyaena_67.35423.bam	88a+Ccsp043_cro_hyaena_3.37216.bam	673341	668011	0.003973603	0.003973603	0.003826998	1.038308	1.038308	6
Ltv+cHyena375_cro_hyaena_20.67419.bam	mre+c5695_cro_hyaena_4.09332.bam	88a+Ccsp043_cro_hyaena_3.37216.bam	433737	429407	0.005016544	0.005016544	0.004047949	1.23928	1.23928	6
f62+c1979_cro_hyaena_10.58993.bam	Ltv+cHyena375_cro_hyaena_20.67419.bam	88a+Ccsp043_cro_hyaena_3.37216.bam	575212	568333	0.006015504	0.006015504	0.003981752	1.510768	1.510768	6
977+NamCrocuta_cro_hyaena_67.07102.bam	mre+c5695_cro_hyaena_4.09332.bam	88a+Ccsp043_cro_hyaena_3.37216.bam	451531	445124	0.007145446	0.007145446	0.004497318	1.588824	1.588824	6
mre+c5695_cro_hyaena_4.09332.bam	rzc+c815_cro_hyaena_9.10468.bam	88a+Ccsp043_cro_hyaena_3.37216.bam	398376	392281	0.007708779	0.007708779	0.00432092	1.78406	1.78406	6
977+NamCrocuta_cro_hyaena_67.07102.bam	Ltv+cHyena375_cro_hyaena_20.67419.bam	88a+Ccsp043_cro_hyaena_3.37216.bam	722357	712434	0.00691599	0.00691599	0.003709725	1.864287	1.864287	6
9z1+c4035_cro_hyaena_3.04918.bam	rzc+c815_cro_hyaena_9.10468.bam	88a+Ccsp043_cro_hyaena_3.37216.bam	370208	364264	0.008092888	0.008092888	0.00419339	1.929916	1.929916	6
f62+c1979_cro_hyaena_10.58993.bam	mre+c5695_cro_hyaena_4.09332.bam	88a+Ccsp043_cro_hyaena_3.37216.bam	412251	404956	0.008926747	0.008926747	0.004309261	2.071526	2.071526	6
8Ln+c801_cro_hyaena_9.90712.bam	b4b+cHyena2071_cro_hyaena_23.19858.bam	88a+Ccsp043_cro_hyaena_3.37216.bam	643386	632252	0.008728182	0.008728182	0.004074141	2.142336	2.142336	6
Ltv+cHyena375_cro_hyaena_20.67419.bam	rzc+c815_cro_hyaena_9.10468.bam	88a+Ccsp043_cro_hyaena_3.37216.bam	648836	635720	0.01021053	0.01021053	0.004031658	2.532589	2.532589	6
9z1+c4035_cro_hyaena_3.04918.bam	e6r+c793_cro_hyaena_9.40624.bam	88a+Ccsp043_cro_hyaena_3.37216.bam	355146	345311	0.01404083	0.01404083	0.004704557	2.984518	2.984518	6
430+c2518_cro_hyaena_7.40266.bam	rzc+c815_cro_hyaena_9.10468.bam	88a+Ccsp043_cro_hyaena_3.37216.bam	556805	544103	0.01153775	0.01153775	0.003819147	3.021028	3.021028	6
430+c2518_cro_hyaena_7.40266.bam	8Ln+c801_cro_hyaena_9.90712.bam	88a+Ccsp043_cro_hyaena_3.37216.bam	565802	548800	0.01525388	0.01525388	0.004030714	3.784411	3.784411	6
e6r+c793_cro_hyaena_9.40624.bam	shq+Ghana_crocuta_cro_hyaena_67.35423.bam	88a+Ccsp043_cro_hyaena_3.37216.bam	619123	600228	0.01549595	0.01549595	0.003971933	3.901362	3.901362	6
430+c2518_cro_hyaena_7.40266.bam	e6r+c793_cro_hyaena_9.40624.bam	88a+Ccsp043_cro_hyaena_3.37216.bam	515510	498658	0.01661658	0.01661658	0.004153133	4.000974	4.000974	6
977+NamCrocuta_cro_hyaena_67.07102.bam	rzc+c815_cro_hyaena_9.10468.bam	88a+Ccsp043_cro_hyaena_3.37216.bam	687541	667601	0.01471433	0.01471433	0.003665074	4.014742	4.014742	6
8Ln+c801_cro_hyaena_9.90712.bam	shq+Ghana_crocuta_cro_hyaena_67.35423.bam	88a+Ccsp043_cro_hyaena_3.37216.bam	708943	686637	0.01598332	0.01598332	0.003863451	4.137057	4.137057	6
f62+c1979_cro_hyaena_10.58993.bam	rzc+c815_cro_hyaena_9.10468.bam	88a+Ccsp043_cro_hyaena_3.37216.bam	576191	558431	0.01565279	0.01565279	0.003757968	4.165227	4.165227	6
977+NamCrocuta_cro_hyaena_67.07102.bam	e6r+c793_cro_hyaena_9.40624.bam	88a+Ccsp043_cro_hyaena_3.37216.bam	612570	590128	0.01865971	0.01865971	0.004062972	4.592627	4.592627	6
rzc+c815_cro_hyaena_9.10468.bam	shq+Ghana_crocuta_cro_hyaena_67.35423.bam	88a+Ccsp043_cro_hyaena_3.37216.bam	698118	673696	0.01780271	0.01780271	0.003524121	5.051672	5.051672	6
9z1+c4035_cro_hyaena_3.04918.bam	b4b+cHyena2071_cro_hyaena_23.19858.bam	88a+Ccsp043_cro_hyaena_3.37216.bam	414128	396119	0.02222656	0.02222656	0.004167287	5.33358	5.33358	6
430+c2518_cro_hyaena_7.40266.bam	b4b+cHyena2071_cro_hyaena_23.19858.bam	88a+Ccsp043_cro_hyaena_3.37216.bam	614652	586940	0.02306274	0.02306274	0.003937191	5.857662	5.857662	6
mre+c5695_cro_hyaena_4.09332.bam	shq+Ghana_crocuta_cro_hyaena_67.35423.bam	88a+Ccsp043_cro_hyaena_3.37216.bam	472744	447521	0.02740841	0.02740841	0.004403516	6.224211	6.224211	6
Ltv+cHyena375_cro_hyaena_20.67419.bam	shq+Ghana_crocuta_cro_hyaena_67.35423.bam	88a+Ccsp043_cro_hyaena_3.37216.bam	813637	772969	0.02563207	0.02563207	0.003781758	6.77782	6.77782	6
977+NamCrocuta_cro_hyaena_67.07102.bam	b4b+cHyena2071_cro_hyaena_23.19858.bam	88a+Ccsp043_cro_hyaena_3.37216.bam	765171	725655	0.02650611	0.02650611	0.003662504	7.237155	7.237155	6
430+c2518_cro_hyaena_7.40266.bam	shq+Ghana_crocuta_cro_hyaena_67.35423.bam	88a+Ccsp043_cro_hyaena_3.37216.bam	668858	631869	0.02843717	0.02843717	0.003729351	7.625233	7.625233	6
9z1+c4035_cro_hyaena_3.04918.bam	shq+Ghana_crocuta_cro_hyaena_67.35423.bam	88a+Ccsp043_cro_hyaena_3.37216.bam	438899	412905	0.03051641	0.03051641	0.003963948	7.698489	7.698489	6
f62+c1979_cro_hyaena_10.58993.bam	shq+Ghana_crocuta_cro_hyaena_67.35423.bam	88a+Ccsp043_cro_hyaena_3.37216.bam	687162	647249	0.02991057	0.02991057	0.003642076	8.212506	8.212506	6
977+NamCrocuta_cro_hyaena_67.07102.bam	shq+Ghana_crocuta_cro_hyaena_67.35423.bam	88a+Ccsp043_cro_hyaena_3.37216.bam	913439	863074	0.02835048	0.02835048	0.003337116	8.495503	8.495503	6
b4b+cHyena2071_cro_hyaena_23.19858.bam	f62+c1979_cro_hyaena_10.58993.bam	i01+Ccsp040_cro_hyaena_7.88971.bam	825745	871393	-0.02689705	-0.02689705	0.003508704	-7.665807	7.665807	7
b4b+cHyena2071_cro_hyaena_23.19858.bam	Ltv+cHyena375_cro_hyaena_20.67419.bam	i01+Ccsp040_cro_hyaena_7.88971.bam	955369	997264	-0.02145564	-0.02145564	0.003622052	-5.923616	5.923616	7
b4b+cHyena2071_cro_hyaena_23.19858.bam	mre+c5695_cro_hyaena_4.09332.bam	i01+Ccsp040_cro_hyaena_7.88971.bam	586756	612300	-0.02130343	-0.02130343	0.003921818	-5.432028	5.432028	7
8Ln+c801_cro_hyaena_9.90712.bam	f62+c1979_cro_hyaena_10.58993.bam	i01+Ccsp040_cro_hyaena_7.88971.bam	772133	798558	-0.01682381	-0.01682381	0.003770062	-4.462474	4.462474	7
e6r+c793_cro_hyaena_9.40624.bam	f62+c1979_cro_hyaena_10.58993.bam	i01+Ccsp040_cro_hyaena_7.88971.bam	708905	732224	-0.01618106	-0.01618106	0.003857894	-4.194274	4.194274	7
8Ln+c801_cro_hyaena_9.90712.bam	Ltv+cHyena375_cro_hyaena_20.67419.bam	i01+Ccsp040_cro_hyaena_7.88971.bam	877825	901426	-0.01326457	-0.01326457	0.003248218	-4.083645	4.083645	7
b4b+cHyena2071_cro_hyaena_23.19858.bam	rzc+c815_cro_hyaena_9.10468.bam	i01+Ccsp040_cro_hyaena_7.88971.bam	841526	865396	-0.01398424	-0.01398424	0.003560708	-3.927375	3.927375	7
8Ln+c801_cro_hyaena_9.90712.bam	9z1+c4035_cro_hyaena_3.04918.bam	i01+Ccsp040_cro_hyaena_7.88971.bam	492768	509357	-0.01655382	-0.01655382	0.004257169	-3.888458	3.888458	7
8Ln+c801_cro_hyaena_9.90712.bam	977+NamCrocuta_cro_hyaena_67.07102.bam	i01+Ccsp040_cro_hyaena_7.88971.bam	945831	971995	-0.01364253	-0.01364253	0.003559578	-3.832625	3.832625	7
e6r+c793_cro_hyaena_9.40624.bam	Ltv+cHyena375_cro_hyaena_20.67419.bam	i01+Ccsp040_cro_hyaena_7.88971.bam	773700	793190	-0.01243865	-0.01243865	0.003438653	-3.617303	3.617303	7
b4b+cHyena2071_cro_hyaena_23.19858.bam	e6r+c793_cro_hyaena_9.40624.bam	i01+Ccsp040_cro_hyaena_7.88971.bam	768577	786117	-0.01128196	-0.01128196	0.003937076	-2.865569	2.865569	7
8Ln+c801_cro_hyaena_9.90712.bam	mre+c5695_cro_hyaena_4.09332.bam	i01+Ccsp040_cro_hyaena_7.88971.bam	535971	546072	-0.009335119	-0.009335119	0.003463621	-2.69519	2.69519	7
e6r+c793_cro_hyaena_9.40624.bam	mre+c5695_cro_hyaena_4.09332.bam	i01+Ccsp040_cro_hyaena_7.88971.bam	510001	518931	-0.008678902	-0.008678902	0.003700852	-2.345109	2.345109	7
9z1+c4035_cro_hyaena_3.04918.bam	f62+c1979_cro_hyaena_10.58993.bam	i01+Ccsp040_cro_hyaena_7.88971.bam	505910	512309	-0.006284503	-0.006284503	0.003781166	-1.662054	1.662054	7
e6r+c793_cro_hyaena_9.40624.bam	rzc+c815_cro_hyaena_9.10468.bam	i01+Ccsp040_cro_hyaena_7.88971.bam	658766	662669	-0.002953607	-0.002953607	0.004014199	-0.7357899	0.7357899	7
8Ln+c801_cro_hyaena_9.90712.bam	rzc+c815_cro_hyaena_9.10468.bam	i01+Ccsp040_cro_hyaena_7.88971.bam	729861	733562	-0.002529002	-0.002529002	0.00396723	-0.6374731	0.6374731	7
b4b+cHyena2071_cro_hyaena_23.19858.bam	shq+Ghana_crocuta_cro_hyaena_67.35423.bam	i01+Ccsp040_cro_hyaena_7.88971.bam	948117	950609	-0.001312459	-0.001312459	0.003468698	-0.3783722	0.3783722	7
9z1+c4035_cro_hyaena_3.04918.bam	Ltv+cHyena375_cro_hyaena_20.67419.bam	i01+Ccsp040_cro_hyaena_7.88971.bam	544140	545358	-0.001117946	-0.001117946	0.00413657	-0.2702592	0.2702592	7
430+c2518_cro_hyaena_7.40266.bam	f62+c1979_cro_hyaena_10.58993.bam	i01+Ccsp040_cro_hyaena_7.88971.bam	708262	709140	-0.0006194432	-0.0006194432	0.003417624	-0.1812497	0.1812497	7
977+NamCrocuta_cro_hyaena_67.07102.bam	9z1+c4035_cro_hyaena_3.04918.bam	i01+Ccsp040_cro_hyaena_7.88971.bam	567686	566562	0.0009909649	0.0009909649	0.003901896	0.2539701	0.2539701	7
430+c2518_cro_hyaena_7.40266.bam	977+NamCrocuta_cro_hyaena_67.07102.bam	i01+Ccsp040_cro_hyaena_7.88971.bam	846176	843373	0.001659023	0.001659023	0.003578456	0.4636141	0.4636141	7
8Ln+c801_cro_hyaena_9.90712.bam	e6r+c793_cro_hyaena_9.40624.bam	i01+Ccsp040_cro_hyaena_7.88971.bam	665056	662422	0.001984214	0.001984214	0.003500018	0.5669152	0.5669152	7
430+c2518_cro_hyaena_7.40266.bam	9z1+c4035_cro_hyaena_3.04918.bam	i01+Ccsp040_cro_hyaena_7.88971.bam	490192	486246	0.004041219	0.004041219	0.003982043	1.014861	1.014861	7
f62+c1979_cro_hyaena_10.58993.bam	Ltv+cHyena375_cro_hyaena_20.67419.bam	i01+Ccsp040_cro_hyaena_7.88971.bam	791460	785068	0.004054479	0.004054479	0.003726628	1.087975	1.087975	7
430+c2518_cro_hyaena_7.40266.bam	Ltv+cHyena375_cro_hyaena_20.67419.bam	i01+Ccsp040_cro_hyaena_7.88971.bam	795456	788680	0.004277411	0.004277411	0.003848518	1.111444	1.111444	7
977+NamCrocuta_cro_hyaena_67.07102.bam	mre+c5695_cro_hyaena_4.09332.bam	i01+Ccsp040_cro_hyaena_7.88971.bam	620307	614623	0.00460269	0.00460269	0.003849119	1.195778	1.195778	7
977+NamCrocuta_cro_hyaena_67.07102.bam	f62+c1979_cro_hyaena_10.58993.bam	i01+Ccsp040_cro_hyaena_7.88971.bam	850381	843483	0.004072346	0.004072346	0.003396826	1.198868	1.198868	7
mre+c5695_cro_hyaena_4.09332.bam	rzc+c815_cro_hyaena_9.10468.bam	i01+Ccsp040_cro_hyaena_7.88971.bam	540259	533780	0.006032369	0.006032369	0.00408121	1.478084	1.478084	7
Ltv+cHyena375_cro_hyaena_20.67419.bam	mre+c5695_cro_hyaena_4.09332.bam	i01+Ccsp040_cro_hyaena_7.88971.bam	591355	584801	0.00557239	0.00557239	0.003599962	1.547902	1.547902	7
977+NamCrocuta_cro_hyaena_67.07102.bam	Ltv+cHyena375_cro_hyaena_20.67419.bam	i01+Ccsp040_cro_hyaena_7.88971.bam	1025538	1013621	0.005844076	0.005844076	0.003362698	1.737913	1.737913	7
9z1+c4035_cro_hyaena_3.04918.bam	mre+c5695_cro_hyaena_4.09332.bam	i01+Ccsp040_cro_hyaena_7.88971.bam	385709	379725	0.007817787	0.007817787	0.004385931	1.782469	1.782469	7
430+c2518_cro_hyaena_7.40266.bam	mre+c5695_cro_hyaena_4.09332.bam	i01+Ccsp040_cro_hyaena_7.88971.bam	535585	526835	0.008235914	0.008235914	0.003895034	2.114466	2.114466	7
f62+c1979_cro_hyaena_10.58993.bam	mre+c5695_cro_hyaena_4.09332.bam	i01+Ccsp040_cro_hyaena_7.88971.bam	560041	549435	0.009559468	0.009559468	0.003839457	2.489797	2.489797	7
9z1+c4035_cro_hyaena_3.04918.bam	rzc+c815_cro_hyaena_9.10468.bam	i01+Ccsp040_cro_hyaena_7.88971.bam	501926	492277	0.009705261	0.009705261	0.003862842	2.512466	2.512466	7
Ltv+cHyena375_cro_hyaena_20.67419.bam	rzc+c815_cro_hyaena_9.10468.bam	i01+Ccsp040_cro_hyaena_7.88971.bam	888744	871674	0.009696561	0.009696561	0.003735881	2.595522	2.595522	7
e6r+c793_cro_hyaena_9.40624.bam	shq+Ghana_crocuta_cro_hyaena_67.35423.bam	i01+Ccsp040_cro_hyaena_7.88971.bam	856705	836257	0.01207824	0.01207824	0.003680692	3.281513	3.281513	7
9z1+c4035_cro_hyaena_3.04918.bam	e6r+c793_cro_hyaena_9.40624.bam	i01+Ccsp040_cro_hyaena_7.88971.bam	480037	465716	0.01514243	0.01514243	0.004382438	3.455253	3.455253	7
8Ln+c801_cro_hyaena_9.90712.bam	b4b+cHyena2071_cro_hyaena_23.19858.bam	i01+Ccsp040_cro_hyaena_7.88971.bam	883386	860963	0.01285465	0.01285465	0.003720224	3.455343	3.455343	7
8Ln+c801_cro_hyaena_9.90712.bam	shq+Ghana_crocuta_cro_hyaena_67.35423.bam	i01+Ccsp040_cro_hyaena_7.88971.bam	983722	959330	0.01255345	0.01255345	0.003515797	3.570583	3.570583	7
977+NamCrocuta_cro_hyaena_67.07102.bam	rzc+c815_cro_hyaena_9.10468.bam	i01+Ccsp040_cro_hyaena_7.88971.bam	954081	930209	0.01266896	0.01266896	0.003324948	3.810274	3.810274	7
rzc+c815_cro_hyaena_9.10468.bam	shq+Ghana_crocuta_cro_hyaena_67.35423.bam	i01+Ccsp040_cro_hyaena_7.88971.bam	966512	940373	0.0137077	0.0137077	0.00330876	4.14285	4.14285	7
977+NamCrocuta_cro_hyaena_67.07102.bam	e6r+c793_cro_hyaena_9.40624.bam	i01+Ccsp040_cro_hyaena_7.88971.bam	849518	822964	0.015877	0.015877	0.00377391	4.207043	4.207043	7
430+c2518_cro_hyaena_7.40266.bam	rzc+c815_cro_hyaena_9.10468.bam	i01+Ccsp040_cro_hyaena_7.88971.bam	758143	734927	0.01554917	0.01554917	0.003573709	4.35099	4.35099	7
430+c2518_cro_hyaena_7.40266.bam	8Ln+c801_cro_hyaena_9.90712.bam	i01+Ccsp040_cro_hyaena_7.88971.bam	770149	744531	0.01691314	0.01691314	0.003850592	4.392348	4.392348	7
f62+c1979_cro_hyaena_10.58993.bam	rzc+c815_cro_hyaena_9.10468.bam	i01+Ccsp040_cro_hyaena_7.88971.bam	785402	761732	0.01529926	0.01529926	0.003407441	4.489955	4.489955	7
430+c2518_cro_hyaena_7.40266.bam	e6r+c793_cro_hyaena_9.40624.bam	i01+Ccsp040_cro_hyaena_7.88971.bam	700084	675038	0.01821366	0.01821366	0.003893435	4.678043	4.678043	7
Ltv+cHyena375_cro_hyaena_20.67419.bam	shq+Ghana_crocuta_cro_hyaena_67.35423.bam	i01+Ccsp040_cro_hyaena_7.88971.bam	1147396	1100603	0.0208154	0.0208154	0.003464391	6.008387	6.008387	7
mre+c5695_cro_hyaena_4.09332.bam	shq+Ghana_crocuta_cro_hyaena_67.35423.bam	i01+Ccsp040_cro_hyaena_7.88971.bam	647892	617371	0.02412226	0.02412226	0.00396196	6.088465	6.088465	7
9z1+c4035_cro_hyaena_3.04918.bam	b4b+cHyena2071_cro_hyaena_23.19858.bam	i01+Ccsp040_cro_hyaena_7.88971.bam	563607	536263	0.02486112	0.02486112	0.003785675	6.567157	6.567157	7
9z1+c4035_cro_hyaena_3.04918.bam	shq+Ghana_crocuta_cro_hyaena_67.35423.bam	i01+Ccsp040_cro_hyaena_7.88971.bam	596948	565940	0.02666465	0.02666465	0.003761383	7.089054	7.089054	7
430+c2518_cro_hyaena_7.40266.bam	b4b+cHyena2071_cro_hyaena_23.19858.bam	i01+Ccsp040_cro_hyaena_7.88971.bam	841430	798001	0.02649029	0.02649029	0.00369444	7.170312	7.170312	7
f62+c1979_cro_hyaena_10.58993.bam	shq+Ghana_crocuta_cro_hyaena_67.35423.bam	i01+Ccsp040_cro_hyaena_7.88971.bam	951711	906531	0.0243133	0.0243133	0.00334188	7.275337	7.275337	7
977+NamCrocuta_cro_hyaena_67.07102.bam	shq+Ghana_crocuta_cro_hyaena_67.35423.bam	i01+Ccsp040_cro_hyaena_7.88971.bam	1328024	1269534	0.0225173	0.0225173	0.003086573	7.295243	7.295243	7
977+NamCrocuta_cro_hyaena_67.07102.bam	b4b+cHyena2071_cro_hyaena_23.19858.bam	i01+Ccsp040_cro_hyaena_7.88971.bam	1079481	1026056	0.02537357	0.02537357	0.003344537	7.586574	7.586574	7
430+c2518_cro_hyaena_7.40266.bam	shq+Ghana_crocuta_cro_hyaena_67.35423.bam	i01+Ccsp040_cro_hyaena_7.88971.bam	922812	872796	0.02785463	0.02785463	0.003494404	7.971212	7.971212	7
b4b+cHyena2071_cro_hyaena_23.19858.bam	Ltv+cHyena375_cro_hyaena_20.67419.bam	mj3+Ccsp042_cro_hyaena_4.84953.bam	813504	869110	-0.03304739	-0.03304739	0.004271026	-7.737576	7.737576	8
b4b+cHyena2071_cro_hyaena_23.19858.bam	f62+c1979_cro_hyaena_10.58993.bam	mj3+Ccsp042_cro_hyaena_4.84953.bam	717144	757299	-0.02723401	-0.02723401	0.003580103	-7.607047	7.607047	8
b4b+cHyena2071_cro_hyaena_23.19858.bam	mre+c5695_cro_hyaena_4.09332.bam	mj3+Ccsp042_cro_hyaena_4.84953.bam	508635	541745	-0.03152193	-0.03152193	0.004463279	-7.062504	7.062504	8
b4b+cHyena2071_cro_hyaena_23.19858.bam	e6r+c793_cro_hyaena_9.40624.bam	mj3+Ccsp042_cro_hyaena_4.84953.bam	661770	693184	-0.02318455	-0.02318455	0.004432466	-5.230621	5.230621	8
8Ln+c801_cro_hyaena_9.90712.bam	Ltv+cHyena375_cro_hyaena_20.67419.bam	mj3+Ccsp042_cro_hyaena_4.84953.bam	755410	774876	-0.0127205	-0.0127205	0.003501075	-3.633312	3.633312	8
8Ln+c801_cro_hyaena_9.90712.bam	mre+c5695_cro_hyaena_4.09332.bam	mj3+Ccsp042_cro_hyaena_4.84953.bam	467445	479154	-0.01236955	-0.01236955	0.003789368	-3.264277	3.264277	8
e6r+c793_cro_hyaena_9.40624.bam	Ltv+cHyena375_cro_hyaena_20.67419.bam	mj3+Ccsp042_cro_hyaena_4.84953.bam	668778	684200	-0.01139856	-0.01139856	0.00363273	-3.137739	3.137739	8
9z1+c4035_cro_hyaena_3.04918.bam	Ltv+cHyena375_cro_hyaena_20.67419.bam	mj3+Ccsp042_cro_hyaena_4.84953.bam	473576	488537	-0.01555015	-0.01555015	0.005040793	-3.084861	3.084861	8
b4b+cHyena2071_cro_hyaena_23.19858.bam	rzc+c815_cro_hyaena_9.10468.bam	mj3+Ccsp042_cro_hyaena_4.84953.bam	738043	751525	-0.009050946	-0.009050946	0.003660309	-2.472728	2.472728	8
9z1+c4035_cro_hyaena_3.04918.bam	mre+c5695_cro_hyaena_4.09332.bam	mj3+Ccsp042_cro_hyaena_4.84953.bam	335447	343829	-0.01233961	-0.01233961	0.005282235	-2.336058	2.336058	8
e6r+c793_cro_hyaena_9.40624.bam	mre+c5695_cro_hyaena_4.09332.bam	mj3+Ccsp042_cro_hyaena_4.84953.bam	444608	452175	-0.008437939	-0.008437939	0.003833125	-2.201321	2.201321	8
430+c2518_cro_hyaena_7.40266.bam	Ltv+cHyena375_cro_hyaena_20.67419.bam	mj3+Ccsp042_cro_hyaena_4.84953.bam	684969	696898	-0.008632524	-0.008632524	0.004616107	-1.870087	1.870087	8
f62+c1979_cro_hyaena_10.58993.bam	Ltv+cHyena375_cro_hyaena_20.67419.bam	mj3+Ccsp042_cro_hyaena_4.84953.bam	680010	690877	-0.007926984	-0.007926984	0.004429614	-1.789543	1.789543	8
9z1+c4035_cro_hyaena_3.04918.bam	f62+c1979_cro_hyaena_10.58993.bam	mj3+Ccsp042_cro_hyaena_4.84953.bam	446905	452606	-0.006337888	-0.006337888	0.003821745	-1.658375	1.658375	8
430+c2518_cro_hyaena_7.40266.bam	mre+c5695_cro_hyaena_4.09332.bam	mj3+Ccsp042_cro_hyaena_4.84953.bam	463586	470600	-0.007508141	-0.007508141	0.004728885	-1.587719	1.587719	8
8Ln+c801_cro_hyaena_9.90712.bam	977+NamCrocuta_cro_hyaena_67.07102.bam	mj3+Ccsp042_cro_hyaena_4.84953.bam	816260	826673	-0.006338055	-0.006338055	0.00426815	-1.484966	1.484966	8
8Ln+c801_cro_hyaena_9.90712.bam	f62+c1979_cro_hyaena_10.58993.bam	mj3+Ccsp042_cro_hyaena_4.84953.bam	682444	691117	-0.006314245	-0.006314245	0.004365042	-1.446548	1.446548	8
430+c2518_cro_hyaena_7.40266.bam	f62+c1979_cro_hyaena_10.58993.bam	mj3+Ccsp042_cro_hyaena_4.84953.bam	619513	624386	-0.003917521	-0.003917521	0.00355931	-1.10064	1.10064	8
e6r+c793_cro_hyaena_9.40624.bam	f62+c1979_cro_hyaena_10.58993.bam	mj3+Ccsp042_cro_hyaena_4.84953.bam	627618	632498	-0.003872659	-0.003872659	0.004373592	-0.8854643	0.8854643	8
9z1+c4035_cro_hyaena_3.04918.bam	e6r+c793_cro_hyaena_9.40624.bam	mj3+Ccsp042_cro_hyaena_4.84953.bam	417218	420332	-0.003717987	-0.003717987	0.005122162	-0.7258628	0.7258628	8
430+c2518_cro_hyaena_7.40266.bam	977+NamCrocuta_cro_hyaena_67.07102.bam	mj3+Ccsp042_cro_hyaena_4.84953.bam	728880	732140	-0.002231318	-0.002231318	0.003510258	-0.6356563	0.6356563	8
977+NamCrocuta_cro_hyaena_67.07102.bam	Ltv+cHyena375_cro_hyaena_20.67419.bam	mj3+Ccsp042_cro_hyaena_4.84953.bam	860469	864126	-0.002120498	-0.002120498	0.004161319	-0.5095735	0.5095735	8
977+NamCrocuta_cro_hyaena_67.07102.bam	mre+c5695_cro_hyaena_4.09332.bam	mj3+Ccsp042_cro_hyaena_4.84953.bam	535544	538012	-0.002298902	-0.002298902	0.004645246	-0.4948935	0.4948935	8
8Ln+c801_cro_hyaena_9.90712.bam	e6r+c793_cro_hyaena_9.40624.bam	mj3+Ccsp042_cro_hyaena_4.84953.bam	575165	576949	-0.001548458	-0.001548458	0.003568475	-0.4339271	0.4339271	8
f62+c1979_cro_hyaena_10.58993.bam	mre+c5695_cro_hyaena_4.09332.bam	mj3+Ccsp042_cro_hyaena_4.84953.bam	487267	488935	-0.001708663	-0.001708663	0.00455376	-0.3752202	0.3752202	8
430+c2518_cro_hyaena_7.40266.bam	e6r+c793_cro_hyaena_9.40624.bam	mj3+Ccsp042_cro_hyaena_4.84953.bam	605013	603682	0.001101188	0.001101188	0.004573423	0.2407797	0.2407797	8
8Ln+c801_cro_hyaena_9.90712.bam	9z1+c4035_cro_hyaena_3.04918.bam	mj3+Ccsp042_cro_hyaena_4.84953.bam	444935	443584	0.001520508	0.001520508	0.005140626	0.2957826	0.2957826	8
b4b+cHyena2071_cro_hyaena_23.19858.bam	shq+Ghana_crocuta_cro_hyaena_67.35423.bam	mj3+Ccsp042_cro_hyaena_4.84953.bam	807743	805929	0.001124144	0.001124144	0.003520682	0.3192973	0.3192973	8
430+c2518_cro_hyaena_7.40266.bam	9z1+c4035_cro_hyaena_3.04918.bam	mj3+Ccsp042_cro_hyaena_4.84953.bam	433108	430848	0.002615874	0.002615874	0.004020794	0.6505864	0.6505864	8
430+c2518_cro_hyaena_7.40266.bam	8Ln+c801_cro_hyaena_9.90712.bam	mj3+Ccsp042_cro_hyaena_4.84953.bam	666180	661000	0.003903012	0.003903012	0.00455586	0.8567016	0.8567016	8
977+NamCrocuta_cro_hyaena_67.07102.bam	9z1+c4035_cro_hyaena_3.04918.bam	mj3+Ccsp042_cro_hyaena_4.84953.bam	497474	494008	0.003495777	0.003495777	0.004000137	0.8739144	0.8739144	8
977+NamCrocuta_cro_hyaena_67.07102.bam	e6r+c793_cro_hyaena_9.40624.bam	mj3+Ccsp042_cro_hyaena_4.84953.bam	724655	716790	0.00545633	0.00545633	0.004482797	1.217171	1.217171	8
Ltv+cHyena375_cro_hyaena_20.67419.bam	mre+c5695_cro_hyaena_4.09332.bam	mj3+Ccsp042_cro_hyaena_4.84953.bam	514096	508688	0.005287529	0.005287529	0.003717208	1.422446	1.422446	8
977+NamCrocuta_cro_hyaena_67.07102.bam	f62+c1979_cro_hyaena_10.58993.bam	mj3+Ccsp042_cro_hyaena_4.84953.bam	731314	723396	0.005443009	0.005443009	0.003449382	1.577967	1.577967	8
8Ln+c801_cro_hyaena_9.90712.bam	rzc+c815_cro_hyaena_9.10468.bam	mj3+Ccsp042_cro_hyaena_4.84953.bam	650752	632941	0.01387481	0.01387481	0.004669872	2.971133	2.971133	8
9z1+c4035_cro_hyaena_3.04918.bam	rzc+c815_cro_hyaena_9.10468.bam	mj3+Ccsp042_cro_hyaena_4.84953.bam	445031	433376	0.01326834	0.01326834	0.003880567	3.419175	3.419175	8
rzc+c815_cro_hyaena_9.10468.bam	shq+Ghana_crocuta_cro_hyaena_67.35423.bam	mj3+Ccsp042_cro_hyaena_4.84953.bam	830110	810548	0.01192326	0.01192326	0.003382214	3.525284	3.525284	8
e6r+c793_cro_hyaena_9.40624.bam	rzc+c815_cro_hyaena_9.10468.bam	mj3+Ccsp042_cro_hyaena_4.84953.bam	589462	570207	0.01660388	0.01660388	0.0046594	3.563522	3.563522	8
430+c2518_cro_hyaena_7.40266.bam	rzc+c815_cro_hyaena_9.10468.bam	mj3+Ccsp042_cro_hyaena_4.84953.bam	665242	643364	0.01671855	0.01671855	0.003719253	4.495137	4.495137	8
mre+c5695_cro_hyaena_4.09332.bam	rzc+c815_cro_hyaena_9.10468.bam	mj3+Ccsp042_cro_hyaena_4.84953.bam	483738	461460	0.02356966	0.02356966	0.004821328	4.888625	4.888625	8
8Ln+c801_cro_hyaena_9.90712.bam	b4b+cHyena2071_cro_hyaena_23.19858.bam	mj3+Ccsp042_cro_hyaena_4.84953.bam	775447	740658	0.0229463	0.0229463	0.004326262	5.303955	5.303955	8
Ltv+cHyena375_cro_hyaena_20.67419.bam	rzc+c815_cro_hyaena_9.10468.bam	mj3+Ccsp042_cro_hyaena_4.84953.bam	783809	746824	0.02416321	0.02416321	0.004554259	5.305629	5.305629	8
977+NamCrocuta_cro_hyaena_67.07102.bam	rzc+c815_cro_hyaena_9.10468.bam	mj3+Ccsp042_cro_hyaena_4.84953.bam	825079	793379	0.01958654	0.01958654	0.003586067	5.461846	5.461846	8
8Ln+c801_cro_hyaena_9.90712.bam	shq+Ghana_crocuta_cro_hyaena_67.35423.bam	mj3+Ccsp042_cro_hyaena_4.84953.bam	853846	814723	0.02344704	0.02344704	0.00420658	5.573895	5.573895	8
f62+c1979_cro_hyaena_10.58993.bam	rzc+c815_cro_hyaena_9.10468.bam	mj3+Ccsp042_cro_hyaena_4.84953.bam	690337	663617	0.01973479	0.01973479	0.003472832	5.682623	5.682623	8
e6r+c793_cro_hyaena_9.40624.bam	shq+Ghana_crocuta_cro_hyaena_67.35423.bam	mj3+Ccsp042_cro_hyaena_4.84953.bam	751805	712478	0.02685751	0.02685751	0.004416986	6.080507	6.080507	8
9z1+c4035_cro_hyaena_3.04918.bam	b4b+cHyena2071_cro_hyaena_23.19858.bam	mj3+Ccsp042_cro_hyaena_4.84953.bam	495892	472608	0.0240413	0.0240413	0.00380873	6.312157	6.312157	8
430+c2518_cro_hyaena_7.40266.bam	b4b+cHyena2071_cro_hyaena_23.19858.bam	mj3+Ccsp042_cro_hyaena_4.84953.bam	733172	697373	0.02502473	0.02502473	0.0037412	6.688958	6.688958	8
mre+c5695_cro_hyaena_4.09332.bam	shq+Ghana_crocuta_cro_hyaena_67.35423.bam	mj3+Ccsp042_cro_hyaena_4.84953.bam	569115	530452	0.03516202	0.03516202	0.004611582	7.624721	7.624721	8
Ltv+cHyena375_cro_hyaena_20.67419.bam	shq+Ghana_crocuta_cro_hyaena_67.35423.bam	mj3+Ccsp042_cro_hyaena_4.84953.bam	983421	923294	0.03153434	0.03153434	0.004093238	7.704009	7.704009	8
9z1+c4035_cro_hyaena_3.04918.bam	shq+Ghana_crocuta_cro_hyaena_67.35423.bam	mj3+Ccsp042_cro_hyaena_4.84953.bam	524597	493333	0.03071331	0.03071331	0.003859144	7.958581	7.958581	8
977+NamCrocuta_cro_hyaena_67.07102.bam	b4b+cHyena2071_cro_hyaena_23.19858.bam	mj3+Ccsp042_cro_hyaena_4.84953.bam	920469	870036	0.02816691	0.02816691	0.003536414	7.964823	7.964823	8
f62+c1979_cro_hyaena_10.58993.bam	shq+Ghana_crocuta_cro_hyaena_67.35423.bam	mj3+Ccsp042_cro_hyaena_4.84953.bam	822211	778206	0.02749596	0.02749596	0.003421427	8.036402	8.036402	8
430+c2518_cro_hyaena_7.40266.bam	shq+Ghana_crocuta_cro_hyaena_67.35423.bam	mj3+Ccsp042_cro_hyaena_4.84953.bam	798428	753119	0.02920247	0.02920247	0.003572059	8.175248	8.175248	8
977+NamCrocuta_cro_hyaena_67.07102.bam	shq+Ghana_crocuta_cro_hyaena_67.35423.bam	mj3+Ccsp042_cro_hyaena_4.84953.bam	1106519	1047304	0.02749297	0.02749297	0.003181948	8.640296	8.640296	8
b4b+cHyena2071_cro_hyaena_23.19858.bam	f62+c1979_cro_hyaena_10.58993.bam	s72+Ccsp041_cro_hyaena_7.51147.bam	795146	837348	-0.02585124	-0.02585124	0.003593695	-7.193499	7.193499	9
8Ln+c801_cro_hyaena_9.90712.bam	977+NamCrocuta_cro_hyaena_67.07102.bam	s72+Ccsp041_cro_hyaena_7.51147.bam	903332	939552	-0.01965398	-0.01965398	0.003656471	-5.375122	5.375122	9
8Ln+c801_cro_hyaena_9.90712.bam	f62+c1979_cro_hyaena_10.58993.bam	s72+Ccsp041_cro_hyaena_7.51147.bam	743061	773148	-0.01984357	-0.01984357	0.003886791	-5.105387	5.105387	9
b4b+cHyena2071_cro_hyaena_23.19858.bam	mre+c5695_cro_hyaena_4.09332.bam	s72+Ccsp041_cro_hyaena_7.51147.bam	567943	590345	-0.01934061	-0.01934061	0.004134867	-4.677445	4.677445	9
b4b+cHyena2071_cro_hyaena_23.19858.bam	Ltv+cHyena375_cro_hyaena_20.67419.bam	s72+Ccsp041_cro_hyaena_7.51147.bam	920699	953334	-0.01741431	-0.01741431	0.003727155	-4.672281	4.672281	9
e6r+c793_cro_hyaena_9.40624.bam	f62+c1979_cro_hyaena_10.58993.bam	s72+Ccsp041_cro_hyaena_7.51147.bam	682907	707109	-0.01741131	-0.01741131	0.003880207	-4.487212	4.487212	9
8Ln+c801_cro_hyaena_9.90712.bam	Ltv+cHyena375_cro_hyaena_20.67419.bam	s72+Ccsp041_cro_hyaena_7.51147.bam	846484	868174	-0.01264975	-0.01264975	0.003398881	-3.721741	3.721741	9
8Ln+c801_cro_hyaena_9.90712.bam	mre+c5695_cro_hyaena_4.09332.bam	s72+Ccsp041_cro_hyaena_7.51147.bam	517003	530535	-0.01291791	-0.01291791	0.003671041	-3.518868	3.518868	9
8Ln+c801_cro_hyaena_9.90712.bam	9z1+c4035_cro_hyaena_3.04918.bam	s72+Ccsp041_cro_hyaena_7.51147.bam	477781	491998	-0.01466004	-0.01466004	0.004439098	-3.302482	3.302482	9
e6r+c793_cro_hyaena_9.40624.bam	Ltv+cHyena375_cro_hyaena_20.67419.bam	s72+Ccsp041_cro_hyaena_7.51147.bam	749569	763432	-0.009162585	-0.009162585	0.003426064	-2.674377	2.674377	9
b4b+cHyena2071_cro_hyaena_23.19858.bam	rzc+c815_cro_hyaena_9.10468.bam	s72+Ccsp041_cro_hyaena_7.51147.bam	815720	831181	-0.009387935	-0.009387935	0.003696799	-2.539477	2.539477	9
e6r+c793_cro_hyaena_9.40624.bam	mre+c5695_cro_hyaena_4.09332.bam	s72+Ccsp041_cro_hyaena_7.51147.bam	493274	502915	-0.009677882	-0.009677882	0.003870197	-2.500618	2.500618	9
9z1+c4035_cro_hyaena_3.04918.bam	f62+c1979_cro_hyaena_10.58993.bam	s72+Ccsp041_cro_hyaena_7.51147.bam	488872	498536	-0.009787241	-0.009787241	0.004020408	-2.43439	2.43439	9
b4b+cHyena2071_cro_hyaena_23.19858.bam	e6r+c793_cro_hyaena_9.40624.bam	s72+Ccsp041_cro_hyaena_7.51147.bam	742787	755086	-0.008210976	-0.008210976	0.004015319	-2.044913	2.044913	9
430+c2518_cro_hyaena_7.40266.bam	f62+c1979_cro_hyaena_10.58993.bam	s72+Ccsp041_cro_hyaena_7.51147.bam	681627	689332	-0.005620153	-0.005620153	0.003489202	-1.610728	1.610728	9
430+c2518_cro_hyaena_7.40266.bam	977+NamCrocuta_cro_hyaena_67.07102.bam	s72+Ccsp041_cro_hyaena_7.51147.bam	811850	817938	-0.003735455	-0.003735455	0.003554121	-1.051021	1.051021	9
8Ln+c801_cro_hyaena_9.90712.bam	rzc+c815_cro_hyaena_9.10468.bam	s72+Ccsp041_cro_hyaena_7.51147.bam	705072	710589	-0.003897119	-0.003897119	0.004064518	-0.9588145	0.9588145	9
b4b+cHyena2071_cro_hyaena_23.19858.bam	shq+Ghana_crocuta_cro_hyaena_67.35423.bam	s72+Ccsp041_cro_hyaena_7.51147.bam	906409	910390	-0.002191217	-0.002191217	0.003587329	-0.6108211	0.6108211	9
Ltv+cHyena375_cro_hyaena_20.67419.bam	mre+c5695_cro_hyaena_4.09332.bam	s72+Ccsp041_cro_hyaena_7.51147.bam	568554	570138	-0.00139107	-0.00139107	0.003777628	-0.368239	0.368239	9
e6r+c793_cro_hyaena_9.40624.bam	rzc+c815_cro_hyaena_9.10468.bam	s72+Ccsp041_cro_hyaena_7.51147.bam	639419	640879	-0.00114036	-0.00114036	0.004079642	-0.2795244	0.2795244	9
8Ln+c801_cro_hyaena_9.90712.bam	e6r+c793_cro_hyaena_9.40624.bam	s72+Ccsp041_cro_hyaena_7.51147.bam	641150	641365	-0.0001676394	-0.0001676394	0.003554978	-0.04715622	0.04715622	9
430+c2518_cro_hyaena_7.40266.bam	9z1+c4035_cro_hyaena_3.04918.bam	s72+Ccsp041_cro_hyaena_7.51147.bam	472628	470857	0.001877083	0.001877083	0.0039982	0.4694822	0.4694822	9
9z1+c4035_cro_hyaena_3.04918.bam	Ltv+cHyena375_cro_hyaena_20.67419.bam	s72+Ccsp041_cro_hyaena_7.51147.bam	528939	526772	0.002052645	0.002052645	0.004278669	0.4797392	0.4797392	9
977+NamCrocuta_cro_hyaena_67.07102.bam	9z1+c4035_cro_hyaena_3.04918.bam	s72+Ccsp041_cro_hyaena_7.51147.bam	549899	545875	0.00367229	0.00367229	0.003993706	0.9195194	0.9195194	9
9z1+c4035_cro_hyaena_3.04918.bam	mre+c5695_cro_hyaena_4.09332.bam	s72+Ccsp041_cro_hyaena_7.51147.bam	374015	370362	0.00490746	0.00490746	0.004483725	1.094505	1.094505	9
430+c2518_cro_hyaena_7.40266.bam	mre+c5695_cro_hyaena_4.09332.bam	s72+Ccsp041_cro_hyaena_7.51147.bam	516007	511077	0.004799997	0.004799997	0.004105489	1.169166	1.169166	9
430+c2518_cro_hyaena_7.40266.bam	Ltv+cHyena375_cro_hyaena_20.67419.bam	s72+Ccsp041_cro_hyaena_7.51147.bam	769060	760102	0.005858111	0.005858111	0.003883831	1.508333	1.508333	9
8Ln+c801_cro_hyaena_9.90712.bam	shq+Ghana_crocuta_cro_hyaena_67.35423.bam	s72+Ccsp041_cro_hyaena_7.51147.bam	937119	925409	0.006287154	0.006287154	0.003590338	1.751131	1.751131	9
977+NamCrocuta_cro_hyaena_67.07102.bam	f62+c1979_cro_hyaena_10.58993.bam	s72+Ccsp041_cro_hyaena_7.51147.bam	819036	809242	0.006014943	0.006014943	0.003402906	1.76759	1.76759	9
977+NamCrocuta_cro_hyaena_67.07102.bam	mre+c5695_cro_hyaena_4.09332.bam	s72+Ccsp041_cro_hyaena_7.51147.bam	600958	592341	0.007221157	0.007221157	0.00407517	1.771989	1.771989	9
8Ln+c801_cro_hyaena_9.90712.bam	b4b+cHyena2071_cro_hyaena_23.19858.bam	s72+Ccsp041_cro_hyaena_7.51147.bam	844928	832691	0.007294266	0.007294266	0.003914177	1.86355	1.86355	9
Ltv+cHyena375_cro_hyaena_20.67419.bam	rzc+c815_cro_hyaena_9.10468.bam	s72+Ccsp041_cro_hyaena_7.51147.bam	856027	842516	0.007954465	0.007954465	0.003869075	2.055908	2.055908	9
mre+c5695_cro_hyaena_4.09332.bam	rzc+c815_cro_hyaena_9.10468.bam	s72+Ccsp041_cro_hyaena_7.51147.bam	525685	516448	0.008863552	0.008863552	0.004195112	2.112828	2.112828	9
e6r+c793_cro_hyaena_9.40624.bam	shq+Ghana_crocuta_cro_hyaena_67.35423.bam	s72+Ccsp041_cro_hyaena_7.51147.bam	821820	807213	0.008966669	0.008966669	0.003836814	2.337009	2.337009	9
f62+c1979_cro_hyaena_10.58993.bam	mre+c5695_cro_hyaena_4.09332.bam	s72+Ccsp041_cro_hyaena_7.51147.bam	542043	531819	0.009520776	0.009520776	0.003943585	2.414244	2.414244	9
f62+c1979_cro_hyaena_10.58993.bam	Ltv+cHyena375_cro_hyaena_20.67419.bam	s72+Ccsp041_cro_hyaena_7.51147.bam	766863	753068	0.00907607	0.00907607	0.00375086	2.419731	2.419731	9
9z1+c4035_cro_hyaena_3.04918.bam	rzc+c815_cro_hyaena_9.10468.bam	s72+Ccsp041_cro_hyaena_7.51147.bam	486138	475726	0.01082482	0.01082482	0.003924486	2.758276	2.758276	9
rzc+c815_cro_hyaena_9.10468.bam	shq+Ghana_crocuta_cro_hyaena_67.35423.bam	s72+Ccsp041_cro_hyaena_7.51147.bam	924188	906704	0.009549444	0.009549444	0.003397464	2.810757	2.810757	9
9z1+c4035_cro_hyaena_3.04918.bam	e6r+c793_cro_hyaena_9.40624.bam	s72+Ccsp041_cro_hyaena_7.51147.bam	463339	450906	0.0135992	0.0135992	0.004559792	2.982417	2.982417	9
977+NamCrocuta_cro_hyaena_67.07102.bam	Ltv+cHyena375_cro_hyaena_20.67419.bam	s72+Ccsp041_cro_hyaena_7.51147.bam	987673	966960	0.01059687	0.01059687	0.003386521	3.129133	3.129133	9
430+c2518_cro_hyaena_7.40266.bam	e6r+c793_cro_hyaena_9.40624.bam	s72+Ccsp041_cro_hyaena_7.51147.bam	675186	655438	0.01484116	0.01484116	0.003957611	3.75003	3.75003	9
430+c2518_cro_hyaena_7.40266.bam	rzc+c815_cro_hyaena_9.10468.bam	s72+Ccsp041_cro_hyaena_7.51147.bam	730996	711443	0.01355551	0.01355551	0.003610457	3.754514	3.754514	9
Ltv+cHyena375_cro_hyaena_20.67419.bam	shq+Ghana_crocuta_cro_hyaena_67.35423.bam	s72+Ccsp041_cro_hyaena_7.51147.bam	1091394	1059120	0.01500757	0.01500757	0.003531805	4.249265	4.249265	9
430+c2518_cro_hyaena_7.40266.bam	8Ln+c801_cro_hyaena_9.90712.bam	s72+Ccsp041_cro_hyaena_7.51147.bam	742419	717308	0.01720253	0.01720253	0.003947434	4.357902	4.357902	9
f62+c1979_cro_hyaena_10.58993.bam	rzc+c815_cro_hyaena_9.10468.bam	s72+Ccsp041_cro_hyaena_7.51147.bam	759446	734590	0.01663681	0.01663681	0.003486084	4.77235	4.77235	9
977+NamCrocuta_cro_hyaena_67.07102.bam	e6r+c793_cro_hyaena_9.40624.bam	s72+Ccsp041_cro_hyaena_7.51147.bam	821397	791640	0.01844781	0.01844781	0.003794551	4.861658	4.861658	9
977+NamCrocuta_cro_hyaena_67.07102.bam	rzc+c815_cro_hyaena_9.10468.bam	s72+Ccsp041_cro_hyaena_7.51147.bam	923119	891865	0.01721999	0.01721999	0.003524362	4.885987	4.885987	9
mre+c5695_cro_hyaena_4.09332.bam	shq+Ghana_crocuta_cro_hyaena_67.35423.bam	s72+Ccsp041_cro_hyaena_7.51147.bam	622934	597246	0.02105263	0.02105263	0.00404977	5.198476	5.198476	9
430+c2518_cro_hyaena_7.40266.bam	b4b+cHyena2071_cro_hyaena_23.19858.bam	s72+Ccsp041_cro_hyaena_7.51147.bam	805679	771552	0.02163729	0.02163729	0.003836988	5.639134	5.639134	9
9z1+c4035_cro_hyaena_3.04918.bam	b4b+cHyena2071_cro_hyaena_23.19858.bam	s72+Ccsp041_cro_hyaena_7.51147.bam	544756	519774	0.02346763	0.02346763	0.003956275	5.93175	5.93175	9
9z1+c4035_cro_hyaena_3.04918.bam	shq+Ghana_crocuta_cro_hyaena_67.35423.bam	s72+Ccsp041_cro_hyaena_7.51147.bam	574548	548074	0.02358229	0.02358229	0.003871531	6.091206	6.091206	9
f62+c1979_cro_hyaena_10.58993.bam	shq+Ghana_crocuta_cro_hyaena_67.35423.bam	s72+Ccsp041_cro_hyaena_7.51147.bam	912711	872816	0.02234354	0.02234354	0.003450073	6.476253	6.476253	9
430+c2518_cro_hyaena_7.40266.bam	shq+Ghana_crocuta_cro_hyaena_67.35423.bam	s72+Ccsp041_cro_hyaena_7.51147.bam	881938	841643	0.02337865	0.02337865	0.003505666	6.668819	6.668819	9
977+NamCrocuta_cro_hyaena_67.07102.bam	shq+Ghana_crocuta_cro_hyaena_67.35423.bam	s72+Ccsp041_cro_hyaena_7.51147.bam	1261361	1206914	0.02205873	0.02205873	0.00321633	6.858352	6.858352	9
977+NamCrocuta_cro_hyaena_67.07102.bam	b4b+cHyena2071_cro_hyaena_23.19858.bam	s72+Ccsp041_cro_hyaena_7.51147.bam	1033350	984270	0.02432569	0.02432569	0.003384105	7.188219	7.188219	9
#i01+Ccsp040_cro_hyaena_7.88971.bam	s72+Ccsp041_cro_hyaena_7.51147.bam	6z0_dco+ST-Copro_Iena_cro_hyaena_.11410.bam	39321	60267	-0.2103265	-0.2103265	0.009665719	-21.76005	21.76005	10
#i01+Ccsp040_cro_hyaena_7.88971.bam	mj3+Ccsp042_cro_hyaena_4.84953.bam	6z0_dco+ST-Copro_Iena_cro_hyaena_.11410.bam	46945	45660	0.01387614	0.01387614	0.01097133	1.264764	1.264764	11
#88a+Ccsp043_cro_hyaena_3.37216.bam	i01+Ccsp040_cro_hyaena_7.88971.bam	6z0_dco+ST-Copro_Iena_cro_hyaena_.11410.bam	41780	37312	0.05649117	0.05649117	0.01028631	5.49188	5.49188	12
#mj3+Ccsp042_cro_hyaena_4.84953.bam	s72+Ccsp041_cro_hyaena_7.51147.bam	6z0_dco+ST-Copro_Iena_cro_hyaena_.11410.bam	38057	58548	-0.2121112	-0.2121112	0.01052291	-20.15708	20.15708	13
#88a+Ccsp043_cro_hyaena_3.37216.bam	s72+Ccsp041_cro_hyaena_7.51147.bam	6z0_dco+ST-Copro_Iena_cro_hyaena_.11410.bam	33945	47907	-0.1705762	-0.1705762	0.01108597	-15.38667	15.38667	14
#88a+Ccsp043_cro_hyaena_3.37216.bam	mj3+Ccsp042_cro_hyaena_4.84953.bam	6z0_dco+ST-Copro_Iena_cro_hyaena_.11410.bam	38621	33597	0.06956714	0.06956714	0.01208224	5.757803	5.757803	15
